%YAML:1.0
---
ExterMat: !!opencv-matrix
   rows: 4
   cols: 4
   dt: d
   data: [ 1., 0., 0., -1.2000300735235214e-01, 0., -1., 0., 0., 0., 0.,
       -1., 0., 0., 0., 0., 1. ]
InterMat: !!opencv-matrix
   rows: 3
   cols: 3
   dt: d
   data: [ 1.4169036865234375e+03, 0., 9.0197357177734375e+02, 0.,
       1.4169036865234375e+03, 5.3448059082031250e+02, 0., 0., 1. ]
CameraSize: !!opencv-matrix
   rows: 1
   cols: 2
   dt: d
   data: [ 1920., 1080. ]
